十次五倍交叉平均结果
Precision :  0.8093825565904804
Recall :  0.7931349824617637
f1score :  0.7952878953368673
ACC :  0.8373082886106141
ARI :  0.616783394959193
MCC :  0.7359915929290642
AUC :  0.9683972759469702
PR_AUC :  0.9277315751461662
DBI :  0.37497519340698443
silhouette_width :  0.7822652900218964
